0
0
0
4
11
18
22
25
28
43
53
55
72
78
76
0
0
0
0
0
0
0
0
0
0
0
0
0
0
0
0
0
0
0
0
0
0
0
0
0
0
0
0
0
0
0
0
0
0
0
0
0
0
0
0
0
0
0
0
0
0
0
0
0
0
0
0
0
0
0
0
0
0
0
0
0
0
0
0
0
0
19
7
18
34
37
40
20
28
31
43
55
62
65
69
67
71
71
82
85
87
93
100
134
145
158
163
170
167
183
189
203
212
221
230
233
238
248
251
257
264
268
270
275
278
279
283
282
285
285
285
291
291
289
291
296
302
302
300
301
302
142
133
56
0
0
10
6
10
13
86
146
149
158
163
162
164
168
177
179
179
181
181
191
194
191
190
190
191
192
192
192
191
191
192
191
192
188
190
189
187
188
187
186
185
184
184
183
184
183
181
183
182
181
181
180
180
181
179
178
181
183
182
182
181
181
179
179
169
175
178
182
185
188
190
196
201
202
200
203
204
203
204
202
203
204
203
199
201
201
201
201
201
199
200
201
200
200
200
199
198
196
201
187
193
204
216
215
215
213
212
212
210
211
209
210
212
203
69
0
0
47
120
96
313
322
333
340
348
353
357
361
355
359
376
381
384
384
385
385
0
0
0
0
0
0
0
0
0
